Best Parameters
========================================
  clf__solver: lbfgs
  clf__penalty: l2
  clf__max_iter: 500
  clf__C: 10

Best CV Score (f1_macro): 0.8386

Classification Report (Validation)
========================================
              precision    recall  f1-score   support

           0       0.90      0.75      0.82        73
           1       0.86      0.86      0.86       214
           2       0.87      0.86      0.86       852
           3       0.91      0.77      0.83        77
           4       0.96      0.99      0.97        97
           5       0.97      0.93      0.95       242
           6       0.76      0.83      0.79       146
           7       0.88      0.90      0.89       160
           8       0.79      0.72      0.75        32
           9       0.74      0.83      0.78       336
          10       0.41      0.54      0.47        13
          11       0.92      0.86      0.89        14
          12       0.87      0.80      0.83       119
          13       0.80      0.75      0.77       116
          14       0.83      0.82      0.82       415
          15       0.80      0.82      0.81       125
          16       0.93      0.91      0.92       249
          17       0.90      0.88      0.89       112
          18       0.84      0.90      0.87       528
          19       0.87      0.81      0.84       197

    accuracy                           0.85      4117
   macro avg       0.84      0.82      0.83      4117
weighted avg       0.86      0.85      0.85      4117

